0.204
0.204
0.204
0.248
0.248
0.248
0.248
0.248
0.248
0.248
0.252
0.252
0.252
0.252
0.252
0.252
0.252
0.252
0.252
0.252
0.252
0.252
0.252
0.252
0.252
0.252
0.252
0.252
0.252
0.252
0.252
0.252
0.252
0.252
0.252
0.252
0.252
0.252
0.252
0.252
0.252
0.252
0.252
0.252
0.252
0.252
0.252
0.252
0.252
0.252
0.252
0.252
0.252
0.252
0.252
0.252
0.252
0.252
0.252
0.252
0.252
0.252
0.252
0.252
0.252
0.252
0.252
0.252
0.252
0.252
0.252
0.252
0.252
0.252
0.252
0.252
0.252
0.252
0.252
0.252
0.252
0.252
0.252
0.252
0.252
0.252
0.252
0.252
0.252
0.252
0.252
0.252
0.252
0.252
0.252
0.252
0.252
0.252
0.252
0.252
0.252
0.252
0.252
0.252
0.252
0.252
0.252
0.252
0.252
0.252
0.252
0.252
0.252
0.252
0.252
0.252
0.252
0.252
0.252
0.252
0.252
0.252
0.252
0.252
0.252
0.252
0.252
0.252
0.252
0.252
0.252
0.252
0.252
0.252
0.252
0.252
0.252
0.252
0.252
0.252
0.252
0.252
0.252
0.252
0.252
0.252
0.252
0.252
0.252
0.252
0.252
0.252
0.252
0.252
0.252
0.252
0.252
0.252
0.252
0.252
0.252
0.252
0.252
0.252
0.252
0.252
0.252
0.252
0.252
0.252
0.252
0.252
0.252
0.252
0.252
0.252
0.252
0.252
0.252
0.252
0.252
0.252
0.252
0.252
0.252
0.252
0.252
0.252
0.252
0.252
0.252
0.252
0.252
0.252
0.252
0.252
0.252
0.252
0.252
0.252
0.252
0.252
0.252
0.252
0.252
0.252
0.252
0.252
0.252
0.252
0.252
0.252
0.252
0.252
0.252
0.252
0.252
0.252
0.252
0.252
0.252
0.252
0.252
0.252
0.252
0.252
0.252
0.252
0.252
0.252
0.252
0.252
0.252
0.252
0.252
0.252
0.252
0.252
0.252
0.252
0.252
0.252
0.252
0.252
0.252
0.252
0.252
0.252
0.252
0.252
0.252
0.252
0.252
0.252
0.252
0.252
0.252
0.252
0.252
0.252
0.252
0.252
0.252
0.252
0.252
0.252
0.252
0.252
0.252
0.252
0.252
0.252
0.252
0.252
0.252
0.252
0.252
0.252
0.252
0.252
0.252
0.252
0.252
0.252
0.252
0.252
0.252
0.252
0.252
0.252
0.252
0.252
0.252
0.252
0.252
0.252
0.252
0.252
0.252
0.252
0.252
0.252
0.252
0.252
0.252
0.252
0.252
0.252
0.252
0.252
0.252
0.252
0.252
0.252
0.252
0.252
0.252
0.252
0.252
0.252
0.252
0.252
0.252
0.252
0.252
0.252
0.252
0.252
0.252
0.252
0.252
0.252
0.252
0.252
0.252
0.252
0.252
0.252
0.252
0.252
0.252
0.252
0.252
0.252
0.253
0.254
0.258
0.258
0.259
0.263
0.264
0.267
0.267
0.270
0.273
0.274
0.278
0.279
0.283
0.285
0.290
0.293
0.296
0.300
0.304
0.308
0.311
0.316
0.321
0.325
0.330
0.335
0.340
0.346
0.352
0.357
0.363
0.370
0.373
0.380
0.385
0.388
0.392
0.404
0.411
0.418
0.422
0.431
0.437
0.444
0.450
0.458
0.464
0.470
0.479
0.487
0.494
0.502
0.509
0.516
0.524
0.529
0.534
0.544
0.556
0.562
0.569
0.577
0.582
0.591
0.597
0.605
0.613
0.619
0.627
0.635
0.641
0.647
0.653
0.661
0.666
0.673
0.679
0.682
0.688
0.700
0.705
0.711
0.717
0.723
0.727
0.733
0.738
0.744
0.750
0.754
0.761
0.765
0.771
0.776
0.780
0.784
0.788
0.793
0.797
0.802
0.807
0.811
0.816
0.820
0.822
0.827
0.828
0.835
0.843
0.846
0.850
0.853
0.856
0.860
0.863
0.867
0.871
0.874
0.879
0.881
0.885
0.888
0.890
0.895
0.896
0.900
0.903
0.905
0.909
0.911
0.914
0.916
0.920
0.922
0.924
0.928
0.929
0.931
0.934
0.935
0.939
0.941
0.944
0.945
0.947
0.951
0.952
0.954
0.956
0.959
0.960
0.962
0.965
0.967
0.968
0.970
0.972
0.973
0.973
0.974
0.974
0.981
0.983
0.983
0.985
0.985
0.988
0.989
0.992
0.993
0.994
0.996
0.997
0.998
1.000
1.000
1.003
1.004
1.005
1.007
1.008
1.009
1.009
1.010
1.011
1.011
1.011
1.012
1.016
1.016
1.017
1.018
1.018
1.022
1.023
1.024
1.026
1.026
1.028
1.028
1.028
1.030
1.030
1.030
1.031
1.031
1.032
1.035
1.037
1.037
1.037
1.040
1.040
1.040
1.041
1.041
1.041
1.042
1.043
1.043
1.046
1.047
1.047
1.048
1.049
1.049
1.050
1.050
1.050
1.050
1.051
1.051
1.055
1.056
1.056
1.057
1.058
1.058
1.059
1.059
1.060
1.060
1.061
1.061
1.061
1.064
1.064
1.065
1.066
1.066
1.066
1.066
1.067
1.067
1.067
1.067
1.067
1.067
1.068
1.071
1.071
1.071
1.072
1.072
1.072
1.072
1.072
1.072
1.073
1.073
1.073
1.077
1.077
1.077
1.077
1.077
1.078
1.078
1.078
1.078
1.079
1.079
1.082
1.082
1.083
1.083
1.083
1.083
1.083
1.084
1.084
1.085
1.085
1.085
1.085
1.085
1.085
1.086
1.086
1.090
1.090
1.090
1.090
1.090
1.090
1.090
1.091
1.091
1.091
1.091
1.091
1.091
1.091
1.091
1.092
1.092
1.092
1.092
1.092
1.092
1.093
1.093
1.093
1.093
1.093
1.093
1.094
1.094
1.094
1.094
1.095
1.095
1.095
1.095
1.095
1.096
1.096
1.096
1.096
1.096
1.096
1.096
1.097
1.097
1.097
1.097
1.097
1.097
1.097
1.097
1.098
1.098
1.098
1.098
1.098
1.098
1.098
1.102
1.102
1.102
1.102
1.102
1.102
1.102
1.102
1.102
1.102
1.102
1.102
1.102
1.102
1.102
1.103
1.103
1.103
1.103
1.103
1.103
1.104
1.104
1.104
1.104
1.105
1.105
1.105
1.105
1.105
1.105
1.106
1.106
1.106
1.106
1.106
1.106
1.106
1.107
1.107
1.107
1.107
1.107
1.107
1.107
1.108
1.108
1.108
1.108
1.108
1.108
1.109
1.109
1.109
1.109
1.109
1.110
1.110
1.110
1.110
1.110
1.111
1.111
1.111
1.111
1.111
1.115
1.115
1.115
1.115
1.115
1.115
1.115
1.115
1.115
1.115
1.115
1.115
1.115
1.115
1.116
1.116
1.116
1.116
1.116
1.116
1.116
1.116
1.116
1.116
1.116
1.116
1.117
1.117
1.117
1.117
1.117
1.117
1.117
1.117
1.118
1.118
1.118
1.118
1.118
1.118
1.119
1.119
1.119
1.120
1.120
1.120
1.120
1.120
1.120
1.120
1.120
1.121
1.121
1.121
1.121
1.121
1.121
1.121
1.121
1.121
1.121
1.125
1.125
1.125
1.125
1.125
1.125
1.125
1.125
1.125
1.125
1.125
1.125
1.125
1.125
1.125
1.125
1.125
1.125
1.125
1.125
1.125
1.125
1.125
1.125
1.125
1.125
1.125
1.125
1.125
1.125
1.125
1.125
1.125
1.125
1.125
1.125
1.125
1.125
1.125
1.125
1.125
1.125
1.125
1.125
1.125
1.125
1.125
1.125
1.125
1.125
1.125
1.125
1.125
1.125
1.125
1.125
1.125
1.125
1.125
1.125
1.125
1.125
1.125
1.125
1.125
1.125
1.125
1.125
1.125
1.125
1.125
1.125
1.125
1.125
1.125
1.125
1.126
1.126
1.126
1.127
1.127
1.127
1.127
1.127
1.127
1.127
1.127
1.128
1.128
1.128
1.128
1.128
1.128
1.128
1.128
1.128
1.128
1.128
1.128
1.128
1.128
1.128
1.129
1.129
1.129
1.129
1.129
1.129
1.129
1.129
1.129
1.129
1.129
1.130
1.130
1.130
1.130
1.130
1.130
1.130
1.130
1.130
1.130
1.130
1.130
1.130
1.130
1.130
1.130
1.130
1.130
1.130
1.130
1.130
1.130
1.130
1.130
1.130
1.130
1.130
1.130
1.130
1.130
1.130
1.130
1.130
1.130
1.130
1.130
1.130
1.130
1.130
1.130
1.130
1.130
1.130
1.130
1.130
1.130
1.130
1.130
1.130
1.130
1.130
1.130
1.130
1.130
1.130
1.130
1.130
1.130
1.130
1.130
1.130
1.132
1.132
1.132
1.132
1.132
1.133
1.133
1.133
1.133
1.133
1.134
1.134
1.134
1.134
1.134
1.134
1.134
1.134
1.134
1.134
1.134
1.134
1.134
1.134
1.134
1.134
1.134
1.134
1.134
1.134
1.134
1.134
1.134
1.134
1.134
1.134
1.134
1.134
1.134
1.134
1.134
1.134
1.134
1.134
1.134
1.134
1.134
1.134
1.134
1.134
1.134
1.134
1.134
1.134
1.134
1.134
1.134
1.134
1.134
1.134
1.134
1.134
1.134
1.134
1.134
1.134
1.134
1.134
1.134
1.134
1.134
1.134
1.134
1.134
1.134
1.134
1.134
1.134
1.134
1.134
1.134
1.134
1.134
1.134
1.134
1.134
1.134
1.134
1.134
1.134
1.134
1.134
1.134
1.134
1.134
1.134
1.134
1.134
1.134
1.134
1.134
1.134
1.134
1.134
1.134
1.134
1.134
1.134
1.134
1.134
1.134
1.134
1.134
1.134
1.134
1.134
1.134
1.134
1.135
1.135
1.135
1.135
1.135
1.135
1.135
1.135
1.135
1.135
1.135
1.135
1.135
1.135
1.135
1.135
1.135
1.135
1.135
1.135
1.135
1.135
1.135
1.135
1.135
1.135
1.135
1.135
1.135
1.135
1.135
1.135
1.135
1.135
1.135
1.135
1.135
1.135
1.135
1.135
1.135
1.135
1.135
1.135
1.135
1.135
1.135
1.135
1.135
1.135
1.135
1.135
1.135
1.135
1.135
1.136
1.136
1.136
1.136
1.136
1.136
1.136
1.136
1.136
1.136
1.136
1.136
1.136
1.136
1.136
1.136
1.136
1.136
1.136
1.136
1.136
1.136
1.136
1.136
1.136
1.136
1.136
1.136
1.136
1.136
1.136
1.136
1.136
1.136
1.136
1.136
1.136
1.136
1.136
1.136
1.136
1.136
1.136
1.136
1.136
1.136
1.136
1.136
1.136
1.136
1.136
1.136
1.136
1.136
1.136
1.136
1.136
1.136
1.136
1.136
1.136
1.136
1.137
1.137
1.137
1.137
1.137
1.137
1.137
1.137
1.137
1.137
1.137
1.137
1.137
1.137
1.137
1.137
1.137
1.137
1.137
