0.011
0.046
0.046
0.047
0.047
0.047
0.056
0.056
0.056
0.056
0.056
0.056
0.056
0.056
0.056
0.056
0.056
0.056
0.056
0.056
0.056
0.056
0.056
0.056
0.056
0.056
0.056
0.056
0.056
0.056
0.056
0.056
0.056
0.056
0.056
0.056
0.056
0.056
0.056
0.056
0.056
0.056
0.056
0.056
0.056
0.056
0.056
0.056
0.056
0.056
0.056
0.056
0.056
0.056
0.056
0.056
0.056
0.056
0.056
0.056
0.056
0.056
0.056
0.056
0.056
0.056
0.056
0.056
0.056
0.056
0.056
0.056
0.056
0.056
0.056
0.056
0.056
0.056
0.056
0.056
0.056
0.056
0.056
0.056
0.056
0.056
0.056
0.056
0.056
0.056
0.056
0.056
0.056
0.056
0.056
0.056
0.056
0.056
0.056
0.056
0.056
0.056
0.056
0.056
0.056
0.056
0.056
0.056
0.056
0.056
0.056
0.056
0.056
0.056
0.056
0.056
0.056
0.056
0.056
0.056
0.056
0.056
0.056
0.056
0.056
0.056
0.056
0.056
0.056
0.056
0.056
0.056
0.056
0.056
0.056
0.056
0.056
0.056
0.056
0.056
0.056
0.056
0.056
0.056
0.056
0.056
0.056
0.056
0.056
0.056
0.056
0.056
0.056
0.056
0.056
0.056
0.056
0.056
0.056
0.056
0.056
0.056
0.056
0.056
0.056
0.056
0.056
0.056
0.056
0.056
0.056
0.056
0.056
0.056
0.056
0.056
0.056
0.056
0.056
0.056
0.056
0.056
0.056
0.056
0.056
0.056
0.056
0.056
0.056
0.056
0.056
0.056
0.056
0.056
0.056
0.056
0.056
0.056
0.056
0.056
0.056
0.056
0.056
0.056
0.056
0.056
0.056
0.056
0.056
0.056
0.056
0.056
0.056
0.056
0.056
0.056
0.056
0.056
0.056
0.056
0.056
0.056
0.056
0.056
0.056
0.056
0.056
0.056
0.056
0.056
0.056
0.056
0.056
0.056
0.056
0.056
0.056
0.056
0.056
0.056
0.056
0.056
0.056
0.056
0.056
0.056
0.056
0.056
0.056
0.056
0.056
0.056
0.056
0.056
0.056
0.056
0.056
0.056
0.056
0.056
0.056
0.056
0.056
0.056
0.056
0.056
0.056
0.056
0.056
0.058
0.058
0.058
0.059
0.059
0.060
0.063
0.063
0.064
0.064
0.064
0.064
0.064
0.064
0.068
0.068
0.069
0.070
0.071
0.071
0.072
0.072
0.072
0.072
0.073
0.073
0.073
0.073
0.073
0.074
0.080
0.080
0.080
0.080
0.081
0.081
0.081
0.081
0.086
0.086
0.087
0.087
0.087
0.088
0.088
0.092
0.092
0.092
0.092
0.093
0.093
0.094
0.094
0.094
0.094
0.099
0.099
0.099
0.101
0.101
0.101
0.102
0.102
0.105
0.105
0.105
0.106
0.107
0.107
0.108
0.108
0.112
0.114
0.114
0.115
0.116
0.116
0.117
0.121
0.123
0.123
0.124
0.127
0.127
0.127
0.128
0.128
0.129
0.133
0.135
0.135
0.139
0.140
0.143
0.145
0.148
0.151
0.153
0.156
0.159
0.162
0.165
0.167
0.169
0.173
0.176
0.178
0.182
0.186
0.188
0.192
0.195
0.198
0.202
0.205
0.210
0.214
0.217
0.220
0.221
0.225
0.235
0.237
0.239
0.243
0.245
0.250
0.254
0.259
0.263
0.268
0.273
0.276
0.280
0.284
0.288
0.293
0.297
0.301
0.305
0.309
0.315
0.318
0.322
0.327
0.330
0.334
0.338
0.342
0.347
0.350
0.356
0.361
0.363
0.367
0.370
0.382
0.387
0.390
0.396
0.398
0.404
0.408
0.414
0.418
0.421
0.427
0.430
0.436
0.440
0.445
0.450
0.453
0.459
0.462
0.468
0.472
0.475
0.480
0.483
0.488
0.492
0.496
0.500
0.504
0.506
0.511
0.514
0.514
0.516
0.526
0.530
0.532
0.536
0.538
0.541
0.545
0.548
0.551
0.555
0.558
0.561
0.564
0.568
0.573
0.576
0.579
0.582
0.584
0.589
0.591
0.595
0.597
0.601
0.605
0.606
0.611
0.613
0.615
0.620
0.621
0.624
0.627
0.630
0.632
0.634
0.638
0.639
0.641
0.644
0.646
0.649
0.651
0.653
0.656
0.657
0.660
0.661
0.661
0.667
0.672
0.673
0.675
0.677
0.679
0.680
0.684
0.686
0.688
0.690
0.692
0.694
0.696
0.698
0.700
0.702
0.705
0.705
0.707
0.711
0.711
0.712
0.716
0.717
0.719
0.721
0.723
0.724
0.726
0.728
0.729
0.730
0.732
0.733
0.735
0.737
0.737
0.739
0.740
0.742
0.743
0.744
0.745
0.746
0.748
0.750
0.750
0.751
0.753
0.753
0.754
0.756
0.757
0.757
0.758
0.759
0.759
0.760
0.760
0.764
0.764
0.765
0.765
0.765
0.766
0.767
0.767
0.772
0.772
0.772
0.772
0.773
0.776
0.776
0.777
0.777
0.777
0.778
0.778
0.778
0.778
0.782
0.782
0.782
0.783
0.783
0.783
0.783
0.784
0.784
0.785
0.788
0.788
0.789
0.789
0.790
0.790
0.790
0.790
0.794
0.794
0.794
0.794
0.795
0.795
0.795
0.795
0.799
0.799
0.799
0.799
0.800
0.800
0.800
0.800
0.804
0.804
0.805
0.805
0.805
0.805
0.806
0.806
0.806
0.806
0.806
0.806
0.806
0.806
0.807
0.807
0.810
0.812
0.812
0.813
0.813
0.813
0.813
0.814
0.814
0.814
0.814
0.814
0.814
0.815
0.815
0.815
0.815
0.819
0.820
0.821
0.821
0.821
0.821
0.821
0.821
0.821
0.822
0.822
0.822
0.823
0.823
0.826
0.826
0.826
0.826
0.826
0.827
0.827
0.828
0.828
0.828
0.828
0.828
0.828
0.829
0.829
0.829
0.829
0.829
0.830
0.830
0.831
0.831
0.831
0.831
0.832
0.832
0.833
0.833
0.833
0.833
0.834
0.834
0.834
0.834
0.835
0.835
0.836
0.836
0.836
0.840
0.840
0.840
0.840
0.840
0.840
0.840
0.840
0.840
0.840
0.840
0.841
0.841
0.841
0.841
0.841
0.841
0.841
0.841
0.841
0.842
0.842
0.842
0.842
0.842
0.842
0.842
0.842
0.842
0.842
0.843
0.843
0.843
0.843
0.843
0.843
0.844
0.844
0.844
0.844
0.844
0.844
0.845
0.845
0.845
0.845
0.845
0.845
0.845
0.846
0.846
0.846
0.846
0.846
0.846
0.846
0.846
0.847
0.847
0.847
0.847
0.847
0.847
0.847
0.847
0.847
0.847
0.847
0.847
0.847
0.847
0.847
0.847
0.847
0.848
0.848
0.848
0.848
0.848
0.848
0.848
0.848
0.848
0.848
0.848
0.848
0.848
0.848
0.848
0.848
0.848
0.848
0.848
0.848
0.849
0.849
0.849
0.849
0.849
0.849
0.849
0.849
0.849
0.849
0.849
0.849
0.849
0.849
0.849
0.849
0.849
0.849
0.849
0.849
0.849
0.849
0.849
0.849
0.849
0.849
0.849
0.849
0.849
0.849
0.849
0.850
0.850
0.850
0.850
0.850
0.850
0.851
0.851
0.851
0.851
0.851
0.851
0.851
0.851
0.851
0.852
0.852
0.852
0.852
0.852
0.852
0.852
0.852
0.852
0.852
0.852
0.852
0.852
0.852
0.852
0.852
0.853
0.853
0.853
0.853
0.853
0.853
0.853
0.853
0.853
0.853
0.854
0.854
0.854
0.854
0.854
0.854
0.854
0.854
0.854
0.854
0.854
0.854
0.854
0.854
0.854
0.854
0.854
0.854
0.854
0.854
0.854
0.854
0.855
0.855
0.855
0.855
0.855
0.855
0.855
0.855
0.855
0.856
0.856
0.856
0.856
0.856
0.856
0.856
0.856
0.857
0.857
0.857
0.857
0.857
0.857
0.857
0.857
0.857
0.857
0.857
0.857
0.857
0.857
0.857
0.857
0.857
0.857
0.857
0.858
0.858
0.858
0.858
0.858
0.858
0.858
0.858
0.858
0.858
0.858
0.858
0.858
0.858
0.858
0.858
0.858
0.858
0.858
0.858
0.858
0.858
0.858
0.858
0.858
0.858
0.858
0.858
0.858
0.858
0.858
0.858
0.858
0.858
0.858
0.858
0.858
0.858
0.858
0.858
0.858
0.858
0.858
0.858
0.858
0.858
0.858
0.858
0.859
0.859
0.859
0.859
0.859
0.859
0.859
0.859
0.859
0.859
0.859
0.860
0.860
0.860
0.860
0.860
0.860
0.860
0.860
0.860
0.860
0.860
0.861
0.861
0.861
0.861
0.861
0.861
0.861
0.861
0.861
0.862
0.862
0.862
0.862
0.862
0.862
0.862
0.862
0.862
0.862
0.862
0.862
0.862
0.862
0.862
0.862
0.862
0.862
0.862
0.862
0.862
0.862
0.862
0.862
0.862
0.862
0.862
0.863
0.863
0.863
0.863
0.863
0.863
0.863
0.863
0.863
0.864
0.864
0.864
0.864
0.864
0.864
0.865
0.865
0.865
0.865
0.865
0.865
0.865
0.866
0.866
0.866
0.866
0.866
0.866
0.866
0.866
0.866
0.866
0.866
0.867
0.867
0.867
0.867
0.867
0.867
0.867
0.867
0.867
0.867
0.867
0.867
0.867
0.867
0.867
0.867
0.867
0.867
0.867
0.867
0.867
0.867
0.867
0.867
0.867
0.867
0.867
0.867
0.867
0.867
0.867
0.867
0.867
0.867
0.867
0.867
0.867
0.867
0.868
0.868
0.868
0.868
0.868
0.868
0.869
0.869
0.869
0.869
0.869
0.869
0.869
0.869
0.869
0.869
0.869
0.869
0.869
0.869
0.869
0.869
0.869
0.869
0.869
0.869
0.869
0.870
0.870
0.870
0.870
0.870
0.870
0.870
0.870
0.870
0.870
0.870
0.871
0.871
0.871
0.871
0.871
0.871
0.871
0.871
0.871
0.872
0.872
0.872
0.872
0.872
0.872
0.872
0.872
0.872
0.872
0.872
0.872
0.872
0.872
0.872
0.872
0.872
0.872
0.872
0.872
0.872
0.872
0.872
0.872
0.872
0.872
0.872
0.872
0.872
0.872
0.872
0.872
0.872
0.872
0.872
0.872
0.872
0.872
0.872
0.872
0.872
0.872
0.872
0.873
0.873
0.873
0.873
0.873
0.873
0.873
0.873
0.873
0.873
0.873
0.874
0.874
0.874
0.874
0.874
0.874
0.874
0.874
0.875
0.875
0.875
0.875
0.875
0.875
0.875
0.875
0.875
0.875
0.875
0.875
0.875
0.875
0.875
0.875
0.875
0.875
0.875
0.875
0.875
0.875
0.875
0.875
0.875
0.875
0.876
0.876
0.876
0.876
0.876
0.876
0.876
0.876
0.876
0.876
0.877
0.877
0.877
0.877
