0.000
0.000
0.000
0.000
0.000
0.000
0.000
0.000
0.000
0.000
0.000
0.000
0.000
0.000
0.000
0.000
0.000
0.000
0.000
0.000
0.000
0.000
0.000
0.000
0.000
0.000
0.000
0.000
0.000
0.000
0.000
0.000
0.000
0.000
0.000
0.000
0.000
0.000
0.000
0.000
0.000
0.000
0.000
0.000
0.000
0.000
0.000
0.000
0.000
0.000
0.000
0.000
0.000
0.000
0.000
0.000
0.000
0.000
0.000
0.000
0.000
0.000
0.000
0.000
0.000
0.000
0.000
0.000
0.000
0.000
0.000
0.000
0.000
0.000
0.000
0.000
0.000
0.000
0.000
0.000
0.000
0.000
0.000
0.000
0.000
0.000
0.000
0.000
0.000
0.000
0.000
0.000
0.000
0.000
0.000
0.000
0.000
0.000
0.000
0.000
0.000
0.000
0.000
0.000
0.000
0.000
0.000
0.000
0.000
0.000
0.000
0.000
0.000
0.000
0.000
0.000
0.000
0.000
0.000
0.000
0.000
0.000
0.000
0.000
0.000
0.000
0.000
0.000
0.000
0.000
0.000
0.000
0.000
0.000
0.000
0.000
0.000
0.000
0.000
0.000
0.000
0.001
0.001
0.001
0.001
0.001
0.001
0.002
0.002
0.002
0.002
0.002
0.003
0.003
0.003
0.003
0.003
0.008
0.008
0.008
0.008
0.008
0.009
0.009
0.009
0.009
0.009
0.009
0.009
0.009
0.009
0.009
0.009
0.010
0.010
0.013
0.013
0.014
0.015
0.015
0.015
0.015
0.015
0.016
0.016
0.016
0.016
0.016
0.017
0.017
0.017
0.017
0.017
0.017
0.018
0.018
0.018
0.023
0.023
0.023
0.025
0.025
0.025
0.025
0.026
0.026
0.026
0.026
0.027
0.030
0.030
0.030
0.030
0.030
0.031
0.031
0.032
0.035
0.035
0.035
0.036
0.036
0.036
0.036
0.036
0.037
0.037
0.040
0.041
0.041
0.046
0.046
0.046
0.047
0.047
0.048
0.048
0.048
0.049
0.049
0.053
0.053
0.053
0.054
0.054
0.055
0.055
0.056
0.056
0.057
0.061
0.061
0.062
0.063
0.063
0.064
0.065
0.065
0.065
0.066
0.066
0.066
0.067
0.068
0.068
0.068
0.068
0.069
0.069
0.069
0.069
0.069
0.069
0.075
0.075
0.076
0.076
0.076
0.076
0.077
0.077
0.077
0.077
0.080
0.081
0.081
0.081
0.082
0.082
0.082
0.082
0.083
0.083
0.083
0.084
0.084
0.084
0.088
0.088
0.090
0.091
0.091
0.093
0.093
0.093
0.094
0.094
0.095
0.095
0.099
0.099
0.100
0.100
0.100
0.100
0.101
0.101
0.101
0.101
0.102
0.102
0.103
0.106
0.106
0.106
0.106
0.107
0.107
0.107
0.108
0.108
0.108
0.109
0.113
0.113
0.113
0.113
0.113
0.113
0.114
0.114
0.114
0.114
0.114
0.114
0.114
0.114
0.114
0.114
0.114
0.114
0.114
0.114
0.114
0.114
0.114
0.114
0.118
0.122
0.130
0.137
0.142
0.152
0.157
0.169
0.182
0.191
0.204
0.212
0.217
0.236
0.249
0.259
0.273
0.284
0.295
0.306
0.315
0.328
0.339
0.351
0.360
0.371
0.393
0.405
0.418
0.432
0.445
0.458
0.471
0.483
0.494
0.505
0.512
0.533
0.546
0.558
0.570
0.580
0.594
0.604
0.615
0.627
0.637
0.648
0.654
0.666
0.683
0.690
0.702
0.710
0.720
0.730
0.738
0.750
0.756
0.768
0.776
0.784
0.795
0.801
0.805
0.822
0.833
0.842
0.848
0.859
0.868
0.876
0.885
0.892
0.901
0.908
0.917
0.926
0.933
0.942
0.947
0.949
0.962
0.971
0.977
0.985
0.993
1.000
1.007
1.014
1.021
1.028
1.034
1.041
1.047
1.055
1.061
1.068
1.075
1.081
1.087
1.092
1.094
1.102
1.112
1.117
1.122
1.127
1.133
1.139
1.143
1.149
1.156
1.161
1.166
1.172
1.177
1.181
1.187
1.192
1.197
1.203
1.207
1.211
1.216
1.220
1.225
1.230
1.235
1.238
1.240
1.243
1.253
1.258
1.261
1.265
1.269
1.272
1.277
1.280
1.284
1.287
1.291
1.295
1.298
1.303
1.306
1.309
1.312
1.315
1.318
1.322
1.325
1.328
1.331
1.335
1.337
1.340
1.343
1.346
1.349
1.352
1.355
1.357
1.361
1.362
1.364
1.368
1.370
1.374
1.376
1.378
1.380
1.383
1.385
1.388
1.388
1.389
1.394
1.398
1.399
1.401
1.403
1.404
1.407
1.408
1.411
1.412
1.414
1.416
1.417
1.420
1.420
1.422
1.425
1.425
1.427
1.428
1.428
1.434
1.434
1.436
1.438
1.438
1.439
1.440
1.441
1.445
1.445
1.448
1.448
1.450
1.452
1.452
1.453
1.454
1.455
1.458
1.459
1.461
1.462
1.463
1.465
1.465
1.465
1.466
1.466
1.467
1.467
1.467
1.473
1.473
1.473
1.475
1.475
1.476
1.476
1.477
1.480
1.482
1.483
1.484
1.485
1.487
1.487
1.488
1.488
1.488
1.489
1.490
1.490
1.494
1.495
1.496
1.497
1.498
1.499
1.499
1.500
1.500
1.501
1.501
1.501
1.505
1.505
1.505
1.505
1.505
1.506
1.506
1.507
1.507
1.511
1.512
1.512
1.512
1.512
1.512
1.513
1.513
1.513
1.513
1.514
1.514
1.518
1.519
1.519
1.520
1.520
1.521
1.521
1.521
1.521
1.522
1.522
1.522
1.522
1.526
1.526
1.527
1.527
1.528
1.528
1.528
1.528
1.532
1.532
1.532
1.532
1.532
1.532
1.532
1.532
1.532
1.533
1.533
1.533
1.533
1.533
1.533
1.533
1.538
1.540
1.540
1.540
1.540
1.540
1.540
1.540
1.541
1.541
1.541
1.541
1.541
1.541
1.542
1.542
1.542
1.542
1.542
1.545
1.545
1.545
1.545
1.545
1.545
1.546
1.546
1.546
1.546
1.547
1.547
1.547
1.547
1.547
1.551
1.551
1.551
1.551
1.551
1.551
1.551
1.551
1.552
1.552
1.552
1.552
1.552
1.552
1.553
1.553
1.553
1.553
1.553
1.554
1.554
1.554
1.554
1.558
1.558
1.558
1.558
1.558
1.558
1.558
1.558
1.559
1.559
1.559
1.559
1.559
1.559
1.559
1.559
1.559
1.560
1.560
1.560
1.560
1.560
1.560
1.561
1.561
1.561
1.562
1.562
1.562
1.562
1.562
1.562
1.563
1.563
1.563
1.563
1.563
1.563
1.563
1.564
1.564
1.564
1.564
1.564
1.564
1.564
1.564
1.564
1.564
1.564
1.564
1.564
1.564
1.565
1.565
1.565
1.565
1.565
1.565
1.566
1.566
1.566
1.566
1.566
1.566
1.567
1.567
1.567
1.567
1.568
1.568
1.568
1.568
1.568
1.569
1.569
1.569
1.569
1.570
1.570
1.570
1.570
1.570
1.570
1.570
1.570
1.570
1.570
1.570
1.570
1.570
1.571
1.571
1.571
1.571
1.571
1.571
1.571
1.571
1.571
1.571
1.571
1.571
1.571
1.571
1.571
1.571
1.571
1.571
1.571
1.572
1.572
1.572
1.572
1.572
1.572
1.572
1.572
1.572
1.572
1.572
1.572
1.572
1.572
1.572
1.572
1.573
1.573
1.573
1.573
1.573
1.573
1.573
1.574
1.574
1.574
1.574
1.574
1.574
1.574
1.575
1.575
1.575
1.575
1.575
1.575
1.575
1.575
1.575
1.575
1.575
1.576
1.576
1.576
1.576
1.576
1.576
1.576
1.576
1.576
1.576
1.576
1.576
1.576
1.577
1.577
1.577
1.577
1.577
1.577
1.577
1.578
1.578
1.578
1.578
1.578
1.578
1.578
1.578
1.578
1.578
1.578
1.578
1.578
1.578
1.578
1.578
1.578
1.578
1.578
1.578
1.578
1.578
1.579
1.579
1.579
1.579
1.579
1.579
1.579
1.579
1.579
1.579
1.579
1.579
1.579
1.579
1.580
1.580
1.580
1.580
1.580
1.580
1.580
1.580
1.580
1.580
1.580
1.580
1.580
1.581
1.581
1.581
1.581
1.581
1.581
1.581
1.581
1.582
1.582
1.582
1.582
1.582
1.582
1.582
1.582
1.582
1.582
1.582
1.582
1.582
1.582
1.582
1.582
1.582
1.582
1.582
1.582
1.582
1.582
1.582
1.582
1.582
1.582
1.582
1.582
1.582
1.582
1.582
1.582
1.582
1.582
1.582
1.582
1.582
1.582
1.582
1.582
1.582
1.582
1.582
1.582
1.582
1.583
1.583
1.583
1.583
1.583
1.583
1.583
1.583
1.583
1.583
1.583
1.583
1.583
1.583
1.583
1.583
1.583
1.583
1.583
1.583
1.583
1.583
1.583
1.583
1.583
1.583
1.583
1.583
1.583
1.583
1.583
1.583
1.583
1.583
1.583
1.583
1.583
1.583
1.584
1.584
1.584
1.584
1.584
1.584
1.585
1.585
1.585
1.585
1.585
1.585
1.585
1.585
1.585
1.585
1.585
1.585
1.585
1.585
1.585
1.585
1.585
1.585
1.585
1.585
1.585
1.585
1.585
1.585
1.585
1.585
1.585
1.585
1.585
1.585
1.585
1.585
1.585
1.585
1.585
1.585
1.585
1.585
1.586
1.586
1.586
1.586
1.586
1.586
1.586
1.587
1.587
1.587
1.587
1.587
1.587
1.587
1.587
1.587
1.587
1.587
1.587
1.587
1.587
1.587
1.587
1.587
1.587
1.587
1.587
1.587
1.587
1.587
1.587
1.587
1.587
1.587
1.587
1.587
1.587
1.587
1.587
1.587
1.587
1.587
1.587
1.587
1.587
1.587
1.588
1.588
1.588
1.588
1.588
1.588
1.588
1.588
1.588
1.588
1.588
1.588
1.588
1.588
1.588
1.588
1.588
1.589
1.589
1.589
1.589
1.589
1.589
1.589
1.589
1.589
1.589
1.589
1.589
1.589
1.589
1.589
1.589
1.589
1.589
1.589
1.589
1.589
1.589
1.590
1.590
1.590
1.590
1.590
1.590
1.590
1.590
1.591
1.591
1.591
1.591
1.591
1.591
1.591
1.591
1.591
1.591
1.591
1.591
1.591
1.591
1.591
1.591
1.591
1.591
1.591
1.591
1.591
1.591
1.591
1.591
1.591
1.591
1.592
1.592
1.592
1.592
1.592
1.592
1.592
1.592
1.592
1.592
1.592
1.592
1.592
1.592
1.592
1.592
1.592
1.592
1.592
1.593
1.593
1.593
1.593
1.593
1.593
1.593
1.593
1.593
1.593
1.593
1.593
1.593
1.593
1.593
1.593
1.593
1.593
1.593
1.593
1.593
1.593
1.593
1.593
1.593
1.593
1.593
1.593
1.593
1.593
